10751
10949
1116
11431
11432
11434
11436
11437
11440
11442
11444
11445
11449
11453
11456
11458
11459
11467
11468
116
1196
11960
12011
12319
12322
12505
12635
12638
12640
12642
12691
12696
12750
12918
12923
13
13015
13016
13020
13021
13022
13024
13025
13036
13041
13042
1310
13255
13258
13703
13706
13830
13833
13840
13843
13844
13847
14277
14280
14404
14500
14501
14535
14553
14609
14610
14613
14626
14807
1495
15000
15008
15208
1523
15248
15253
15267
15269
15270
15286
1536
1549
16087
16088
16615
16625
16911
16918
16921
17224
17229
17230
17232
17348
17467
17468
17471
1749
17565
1762
1763
1764
18001
18004
18005
18006
18007
18009
18699
18715
18983
18984
19021
19022
19023
19024
19025
19029
19424
1944
19561
19562
1967
2001
2003
2015
2027
20639
20643
20645
20646
20655
2071
2101
21024
2111
21598
21599
21600
21604
22478
2260
22634
22644
2286
23163
23164
23165
23166
23692
23976
24301
24304
24308
24314
24315
24317
24321
24678
24679
24685
24836
24838
24840
24842
24845
24846
24850
24852
24853
24854
24855
2489
2508
2540
2546
2573
26685
26850
27202
2748
2751
2752
2753
2756
2759
2762
2768
2771
2775
2781
2791
27950
27955
27956
27957
27958
27960
27963
27964
27965
27966
27967
27968
27969
27974
27976
27977
27978
27979
27980
27981
27982
27983
27984
27986
27990
27992
27995
28017
28028
28035
28036
2805
28396
28397
28398
28400
28401
28402
28403
28404
28405
2846
2849
2858
2875
28858
28863
28866
2889
28945
28952
28986
28989
28990
29029
2905
29443
29449
29450
29451
29452
29454
29512
29519
29521
29567
29611
29614
29615
29618
2977
2978
30045
30046
30050
30051
3011
3071
3108
3228
33864
33885
33968
34026
34059
34122
3439
34392
34400
34402
34403
34408
34575
3538
37291
37297
37300
37302
3868
3938
39603
39608
3968
3971
3972
3998
4007
4047
4070
4074
4075
40791
4081
40810
40822
4083
42086
42095
42097
42106
42109
4251
4252
4255
4256
4257
4266
4268
4270
4271
4272
4273
4274
4276
4309
4312
4313
4316
4317
4324
43499
43501
43521
43525
43546
43557
43567
43589
43591
43668
43670
43671
43672
44030
4462
44763
44766
44770
44772
44773
44777
44789
44790
44803
44956
45015
45049
45053
45054
45056
45057
45058
45059
4506
45060
45061
45063
45065
4516
4518
45405
45422
45457
45458
45460
45461
45462
45463
45472
45753
45758
45759
45760
46
46257
46275
46281
46595
46606
46608
46611
46644
4739
47493
47509
47519
47522
47528
47622
47623
47630
47798
47800
47803
4899
5033
5045
50583
52675
52680
52682
52755
5385
5410
5430
5431
54333
54365
54366
5448
5453
5456
5565
5569
5636
5639
5640
5644
5650
5658
5683
5728
5753
5756
57794
57798
5807
5811
5812
58613
58615
58623
58631
5871
58742
58753
58755
58780
58781
58782
58786
58787
58792
58799
5884
5892
5896
5898
59084
5909
59106
59109
59118
59120
59123
59126
59407
59411
59421
5968
5977
59898
59901
59904
5999
60215
60223
60280
60282
60339
61975
62018
62064
62067
633
634
637
640
6401
6415
64163
642
64369
64406
646
6470
6487
6642
6645
6687
6713
6714
6730
6755
67686
67688
67697
68248
68257
68299
68319
68338
68348
68362
68363
68366
68367
68368
68370
68371
68372
68651
68653
68657
68660
68670
68676
68799
68800
68818
69069
69258
69269
69273
70551
70563
70565
70571
7109
7144
71687
71690
71691
71694
71695
71917
71924
71928
71929
71961
72602
72681
73623
73917
73925
73927
74519
74529
74538
74559
74571
75818
75820
75823
75831
75836
75840
75849
75850
75919
75922
75927
76288
76302
76303
76305
76306
76551
76559
76560
76564
76569
76583
76587
76588
76590
76592
76601
76605
76628
76631
76632
76654
76656
76657
76659
76660
76663
76664
76697
76862
76863
76912
76913
76918
76936
76940
76941
76943
76944
76945
76948
76949
77021
77022
77023
77024
77025
77364
77367
77374
77376
77377
77542
78022
78029
78033
78034
78072
78074
78081
78097
78104
78112
78113
78117
78118
78719
78722
78903
78905
78930
78992
79070
79105
79109
79112
79723
79724
79726
79841
79856
79926
79968
79971
79973
79978
8002
8003
8005
8082
8084
8085
8086
8087
8088
8089
8090
813
815
816
817
818
819
820
821
822
823
8240
8241
8242
8244
854
856
858
859
860
861
875
877
881
882
884
8950
9109
9111
9136
9474
9498
9729
9733
9935